-10.2467
-10.0485
-9.88417
-9.85502
-9.74247
-9.58213
-9.47159
-9.16553
-9.12893
-9.1223
-8.90648
-8.78283
-8.5947
-8.54912
-8.42266
-8.15022
-8.12636
-7.89085
-7.74538
-7.54685
-7.47949
-7.29114
-7.26245
-7.17514
-6.98864
-6.78201
-6.7086
-6.64249
-6.4088
-6.0892
-6.00447
-5.74455
-5.73302
-5.70637
-5.51185
-5.33804
-5.15554
-4.67644
-4.59554
-4.58803
-4.17547
-4.10077
-4.06236
-3.81687
-3.16206
-2.89507
-2.74814
-2.48372
-2.43285
-2.23312
-2.01414
-1.64922
-0.939409
-0.87947
-0.454292
-0.339972
-0.234566
-0.183123
0.105172
0.173701
0.900199
1.65914
1.75673
1.9909
2.31161
2.53114
3.08102
3.26634
3.88794
4.07503
4.39744
4.72765
4.99083
5.03059
5.40956
5.86783
5.90582
6.22432
6.39651
6.57639
6.76621
6.94881
7.04387
7.12348
7.19396
7.45086
7.61116
7.82746
7.9444
8.46138
8.61627
8.75077
8.85277
8.93389
9.07173
9.14583
9.18127
9.48399
9.65576
10.0986
