-99.483
-95.9628
-94.5871
-93.5742
-91.9572
-89.7951
-88.9858
-88.6304
-88.566
-86.4707
-85.2702
-83.4437
-83.0011
-81.7734
-79.1284
-76.6102
-75.769
-75.1978
-73.2703
-72.6165
-70.7877
-70.5092
-69.6616
-65.8448
-64.4902
-62.2213
-61.1411
-59.1185
-58.2958
-55.7723
-55.6604
-55.4016
-53.5131
-51.8256
-50.0537
-45.4023
-44.6169
-44.544
-40.5385
-39.8133
-32.9717
-30.6996
-28.1075
-26.681
-23.6199
-21.7801
-21.6808
-19.5548
-16.0119
-9.12048
-8.53855
-4.70824
-4.4106
-3.3007
-2.27734
-1.77789
1.02109
1.68641
8.7398
8.98591
16.1082
21.4692
22.4428
24.5741
29.9128
31.712
34.8546
37.3865
37.747
39.5634
42.6936
49.8433
51.1631
52.52
53.5722
56.9692
57.3381
60.4303
62.1021
63.8484
65.2868
65.6913
67.4642
68.3871
69.16
69.8443
72.3385
75.9948
79.4247
82.0991
82.1493
83.6531
84.959
85.9492
86.7368
88.075
88.7945
93.0696
93.7453
98.0442
